4000
0 200 500 m
1 0 585 s
1 195 585 s
1 390 585 s
1 585 585 s
1 780 585 s
1 968 585 s
1 1170 585 s
1 1365 585 s
1 1560 585 s
1 1755 585 s
1 1950 585 s
1 2145 585 s
1 2340 585 s
1 2535 585 s
1 2730 585 s
1 2925 585 s
1 3120 585 s
1 3315 585 s
1 3510 585 s
1 3705 585 s
1 3900 585 s
1 4095 585 s
1 1095 585 s
1 4290 585 s
1 4485 585 s
1 4680 585 s
1 4875 585 s
1 5070 585 s
1 5265 585 s
1 5460 585 s

2 800 410 s
2 1600 290 s

2 2070 290 s

2 3200 290 s
4 3100 487 s

3 2900 530 s
3 2800 530 s
3 2700 530 s


3 3200 238 s
3 3300 238 s
3 3400 238 s

3 2070 238 s
3 2170 238 s
3 2270 238 s


3 300 530 s
3 400 530 s
3 500 530 s
3 800 530 s
3 1690 238 s 
3 1770 238 s 


5 0 0 s 
5 300 0 s
5 600 0 s
5 900 0 s
5 1200 0 s
5 1500 0 s
5 1800 0 s
5 2100 0 s
5 2400 0 s
5 2700 0 s
5 3000 0 s
5 3300 0 s
5 3600 0 s
5 3900 0 s
5 4200 0 s
5 4500 0 s
5 4800 0 s
5 5100 0 s
5 5400 0 s
5 5700 0 s
5 6000 0 s

6 4000 260 s
7 2300 330 s
8 1200 410 s


3 820 355 s
3 900 355 s 
3 980 355 s

12 1500 300 m
10 900 70 s

13 900 200 s