6000
0 200 500 m
1 0 585 s
1 195 585 s
1 390 585 s
1 585 585 s
1 780 585 s
1 968 585 s
1 1170 585 s
1 1365 585 s
1 1560 585 s
1 1755 585 s
1 1950 585 s
1 2145 585 s
1 2340 585 s
1 2535 585 s
1 2730 585 s
1 2925 585 s
1 3120 585 s
1 3315 585 s
1 3510 585 s
1 3705 585 s
1 3900 585 s
1 4095 585 s
1 1095 585 s
1 4290 585 s
1 4485 585 s
1 4680 585 s
1 4875 585 s
1 5070 585 s
1 5265 585 s
1 5460 585 s
1 5655 585 s
1 5850 585 s
1 6045 585 s
1 6240 585 s
1 6435 585 s
1 6630 585 s
1 6825 585 s 
1 7020 585 s 

2 800 410 s
3 810 355 s
3 910 355 s
8 990 355 s

4 1300 487 s

2 1500 290 s
3 1500 238 s
7 1600 220 s

4 1800 487 s
3 1900 530 s
3 2000 530 s

2 2200 405 s
3 2200 350 s
8 2300 330 s

3 2600 530 s
3 2700 530 s
3 2800 530 s

7 2900 520 s

4 3100 487 s
9 3300 335 m

2 3400 405 s
3 3400 350 s
3 3500 350 s
3 3600 350 s

9 4500 335 m

2 4000 290 s
3 4000 238 s
3 4100 238 s
3 4200 238 s

3 4400 530 s
3 4500 530 s
8 4600 520 s
4 5000 487 s
3 5200 530 s

2 5400 290 s
3 5400 238 s
3 5500 238 s



5 0 0 s 
5 300 0 s
5 600 0 s
5 900 0 s
5 1200 0 s
5 1500 0 s
5 1800 0 s
5 2100 0 s
5 2400 0 s
5 2700 0 s
5 3000 0 s
5 3300 0 s
5 3600 0 s
5 3900 0 s
5 4200 0 s
5 4500 0 s
5 4800 0 s
5 5100 0 s
5 5400 0 s
5 5700 0 s
5 6000 0 s
5 6300 0 s
5 6600 0 s
5 6900 0 s
5 7100 0 s
5 7400 0 s

6 6000 260 s

10 5500 70 s 

13 1500 150 s
12 3000 400 m