5000
0 200 500 m
1 0 585 s
1 195 585 s
1 390 585 s
1 585 585 s
1 585 530 s
1 968 585 s
1 1170 585 s
1 1365 585 s
1 1560 585 s
1 1755 585 s
1 1950 585 s
1 2145 585 s
1 2340 585 s
1 2535 585 s
1 2730 585 s
1 2925 585 s
1 3120 585 s
1 3315 585 s
1 3510 585 s
1 3705 585 s
1 3900 585 s
1 4100 585 s
1 1095 585 s
1 4250 585 s
1 4650 585 s
1 4850 585 s
1 5050 585 s
1 5250 585 s
1 5450 585 s
1 5650 585 s
1 5850 585 s
1 6050 585 s
1 6250 585 s
1 6450 585 s

13 450 200 s 

9 1600 300 m

2 1250 410 s
3 1250 355 s
3 1350 355 s
3 1450 355 s

7 1600 338 s

3 1700 530 s
3 1800 530 s
3 1900 530 s

4 2000 487 s
2 2100 410 s
3 2100 355 s
7 2200 300 s

4 3000 487 s

2 3200 290 s
3 3200 238 s
3 3300 238 s

3 3600 530 s
3 3700 530 s
8 3800 510 s

5 0 0 s 
5 300 0 s
5 600 0 s
5 900 0 s
5 1200 0 s
5 1500 0 s
5 1800 0 s
5 2100 0 s
5 2400 0 s
5 2700 0 s
5 3000 0 s
5 3300 0 s
5 3600 0 s
5 3900 0 s
5 4200 0 s
5 4500 0 s
5 4800 0 s
5 5100 0 s
5 5400 0 s
5 5700 0 s
5 6000 0 s
5 6300 0 s
5 6600 0 s
5 6900 0 s
5 7100 0 s


4 4700 487 s

11 2500 545 s
10 1300 70 s 

6 5000 260 s